x
0 1
1 0 12
2 -10 507
3 0.017453 3.141593
4 0.02283 0.382913
5 0 939
6 0 0.17884
7 0 0.559091
8 0.234464 0.866542
9 0 218582.660625
10 0 246739.57404
11 0 220132
12 0 246739.57404
13 0 220132
14 0 0.952647
15 0 0.95609
16 0 0.750819
17 0 0.584639
18 0 0.793608
19 0 0.785042
20 0 0.485147
21 0 0.5044380000000001
22 0 0.522537
23 0 0.6755
24 0 0.578546
25 4.981659 14.611332
26 11.731577 93.666742
27 13.484898 95.99726699999999
28 0.052671 0.718208
29 0.077596 0.9626130000000001
30 0.044144 0.8066060000000001
